2.690677691062670629e-01
1.864237231806678552e-01
1.450237401910119961e-01
1.210327233354616117e-01
1.046936811977033921e-01
1.104637247443118198e-01
1.125141165310571956e-01
1.110887239352581213e-01
1.230971035066381475e-01
1.178016808517595992e-01
1.117366576778297815e-01
9.956058826899316649e-02
1.033380893340264256e-01
8.833983399444719775e-02
7.555931297414035519e-02
7.107175935811604894e-02
5.731521380548705580e-02
5.789771244725597926e-02
5.183158500149577519e-02
4.206035286039477850e-02
3.474210066297022531e-02
2.905775711876054310e-02
2.636902916579863046e-02
2.219953481199045051e-02
1.885749021319633664e-02
1.560310571131044190e-02
1.317519391830854029e-02
1.147506282628200924e-02
1.159422374267064619e-02
1.095663895007088079e-02
1.140639955613533159e-02
1.162670257692858221e-02
1.073018464718490661e-02
1.036526761915153479e-02
9.722668045279141830e-03
9.507736769950533157e-03
9.138016283199958817e-03
8.585636276346007498e-03
8.094310718992140524e-03
7.254981042368530315e-03
6.812628019912682006e-03
6.089777280930651349e-03
5.221852804063391307e-03
4.920993957723320163e-03
4.582668171225375703e-03
4.294343465499585004e-03
4.563352314151268921e-03
4.556321808081894263e-03
4.307862799291360505e-03
4.119751608631337658e-03
