5.852792922896123996e-04
4.014806770343886874e-03
2.643768270777197872e-03
1.815693417761292307e-03
1.366057728055731970e-03
1.199381243008299262e-03
9.566699883607966866e-04
8.162401895172730548e-04
9.147899046128216615e-04
8.552894197488700645e-04
7.951146486612479559e-04
6.794432755603903220e-04
6.825272815920705631e-04
5.995665556293979046e-04
5.305765362697082701e-04
5.056964991988828918e-04
4.375705066735670074e-04
4.182672752987413216e-04
3.778731660972989249e-04
3.302151761924723098e-04
2.789411053596349685e-04
2.563168524174380984e-04
2.418334737279251062e-04
2.079323919100327205e-04
1.895957693360115397e-04
1.721357747759038790e-04
1.549928381410506048e-04
1.535308341128039484e-04
1.468637292796375266e-04
1.403575193007737944e-04
1.447947617657300407e-04
1.394187041286970390e-04
1.361639262248076979e-04
1.287601741220912373e-04
1.222659314147287195e-04
1.186018381829559562e-04
1.136032538990523256e-04
1.072816167688367053e-04
1.004739179302648782e-04
9.375412829574519987e-05
8.950409444756824459e-05
8.408343608706325776e-05
7.669232757447818011e-05
7.302490775871208178e-05
7.016736032960555706e-05
6.872675353388022369e-05
6.453776717082519384e-05
6.209513920502362811e-05
5.946774772727222102e-05
5.738932486501580423e-05
