1.071008193637797312e+00
9.166749010672883280e-01
7.813920285311339864e-01
6.752769987195580415e-01
6.029379337447352549e-01
5.227280688187835311e-01
4.813313128783754946e-01
4.358513678328428953e-01
4.172426925959863975e-01
3.882508100065634737e-01
3.590674197256716882e-01
3.209416967386540254e-01
2.798838825290064780e-01
2.633834139563493437e-01
2.374417437388419150e-01
2.268642438920351334e-01
2.114035621159440215e-01
1.918630289349914919e-01
2.075016557531418893e-01
2.015115592163822800e-01
1.754112642074845962e-01
1.633750318285023539e-01
1.677872433633302018e-01
1.613257085130258561e-01
1.747263183256108909e-01
1.736771417134673201e-01
1.551124157613482102e-01
1.561849175124774558e-01
1.549366205863030865e-01
1.754470245349196433e-01
1.588897216502692666e-01
1.538197514451050407e-01
1.438073023399387695e-01
1.489148697293729839e-01
1.625630269129333949e-01
1.497760963037026161e-01
1.585103834346679452e-01
1.482375887335441178e-01
1.498088796669905520e-01
1.408166515857623147e-01
1.485718156394076339e-01
1.439311539852351496e-01
1.367214056871954020e-01
1.473196070810000591e-01
1.401266876868937916e-01
1.377199477737341138e-01
1.406516629187865297e-01
1.353896602843760177e-01
1.370843288943847937e-01
1.448018522520942986e-01
