9.292177954945302076e-03
2.706397364766645330e-02
2.221711900587192839e-02
1.840142333437877822e-02
1.596495441294407472e-02
1.333777467896376731e-02
1.115644806598296498e-02
9.353536437877032345e-03
8.158542579950436163e-03
7.408614448317078771e-03
6.457078032514246280e-03
6.002580106038636620e-03
5.471762463374040333e-03
4.969790633105800395e-03
4.617830366709888869e-03
4.258773988105256890e-03
3.948913908416885193e-03
3.813320097515174138e-03
3.495553962625107432e-03
3.594038392392695513e-03
3.494097539569171722e-03
3.464905135097037618e-03
3.367220201776686701e-03
3.295651777525755721e-03
3.236251854047878743e-03
3.183086005834257024e-03
3.074542245193434553e-03
3.095070184507054713e-03
3.083984502958402908e-03
3.000011514918421180e-03
2.946667649528576793e-03
2.958374192836816553e-03
2.892729614391840488e-03
2.918550102819039531e-03
2.852561614317974947e-03
2.778051586336323375e-03
2.757839363972050626e-03
2.789973080761595607e-03
2.741099722148046536e-03
2.701585643837800619e-03
2.712335173795816026e-03
2.689412116433631365e-03
2.648140040163728462e-03
2.631491405878001039e-03
2.623821055901093789e-03
2.574965550289321295e-03
2.593896909586858139e-03
2.580220785191407375e-03
2.577653213904089382e-03
2.560358356420127778e-03
